4.626027475751471e-06
5.858903023181483e-06
7.221545274660457e-06
2.8466285584727302e-05
1.679004890320357e-05
5.163070454727858e-06
4.697634267358808e-06
7.613844900333788e-06
4.861306933889864e-06
9.645026693760883e-06
3.1896702239464503e-06
2.2776760033593746e-06
7.471362096111989e-06
2.537274440328474e-06
5.273549959383672e-06
3.1534059417026583e-06
1.2510679880506359e-05
3.064007614739239e-05
3.287745585112134e-06
6.593275884370087e-06
8.627058377896901e-06
0.00017567453323863447
3.229967478546314e-05
6.908529030624777e-05
3.858995114569552e-06
1.816858639358543e-05
1.7917885998031124e-05
5.022038749302737e-06
4.924095264868811e-06
1.5297277059289627e-05
1.00872839539079e-05
1.2320047062530648e-05
8.0191130109597e-06
9.803533430385869e-06
4.49462959295488e-06
1.3853183190803975e-05
1.987875293707475e-05
7.5091206781507935e-06
1.0765892511699349e-05
8.506062840751838e-06
3.20192557410337e-05
5.797786798211746e-06
1.6061861970229074e-05
4.429624368640361e-06
4.589730451698415e-06
2.0066285287612118e-05
6.0409233810787555e-06
1.90883110917639e-05
4.393606104713399e-06
4.8512956709600985e-06
1.6922857639656286e-06
6.321581167867407e-06
3.4005431643890915e-06
2.1891451069677714e-06
2.1269661374390125e-06
1.917470854095882e-06
1.9952394723077305e-06
6.015664439473767e-06
2.664838120836066e-06
1.7012500848068157e-06
7.526164608862018e-06
4.114142029720824e-06
3.15012107421353e-06
7.223286502267001e-06
6.9235675255185924e-06
1.6479232726851478e-05
4.33650575359934e-06
5.6091262194968294e-06
1.731231350277085e-05
2.1081603335915133e-05
2.25499957196007e-06
6.505130841105711e-06
2.7331311684974935e-06
2.8991034923819825e-06
1.0667745300452225e-05
4.698857992480043e-06
2.870830712708994e-06
3.4955392038682476e-06
2.0550037334032822e-06
1.5860565326875076e-05
3.4705144571489654e-06
1.1769248885684647e-05
5.533223429665668e-06
8.884993803803809e-06
2.8286508495511953e-06
2.773364712993498e-06
2.945384721897426e-06
2.8416568511602236e-06
3.015215952473227e-06
3.739112344192108e-06
1.672474581937422e-06
1.262920704903081e-05
2.0207926354487427e-06
2.7380260689824354e-06
2.8778113119187765e-06
2.723517536651343e-05
7.2071957220032346e-06
2.043620952463243e-06
1.5356248468378908e-06
2.085316282318672e-06
3.5039897738897707e-06
4.154265297984239e-06
4.095084477739874e-06
4.841187092097243e-06
3.725235274032457e-06
8.498955139657483e-06
6.212870175659191e-06
4.8063279791676905e-06
2.635961391206365e-05
2.4088130885502324e-06
5.31339264853159e-06
5.566574600379681e-06
8.042493391258176e-06
3.2008247217163444e-06
1.8870645135393715e-06
2.2142846773931524e-06
1.942187282111263e-06
5.663815500156488e-06
4.112756869290024e-06
6.728623247909127e-06
6.628276878473116e-06
4.491559138841694e-06
4.633451681002043e-06
1.2745530511892866e-05
5.8124801398662385e-06
9.756289728102274e-06
7.494023066101363e-06
3.317956497994601e-06
8.246653123933356e-06
2.102345388266258e-05
2.440714160911739e-05
3.9514776290161535e-05
2.0164192392257974e-05
5.806595436297357e-05
6.087748261052184e-05
3.623239535954781e-05
4.538449866231531e-05
4.615476063918322e-05
2.951000351458788e-05
7.912849832791835e-05
2.1451141947181895e-06
6.416792530217208e-06
1.5613484720233828e-05
5.59713771508541e-06
4.327775513957022e-06
4.579127926263027e-05
3.960522008128464e-06
5.68771156395087e-06
3.2102022942126496e-06
5.258682904241141e-06
1.0769533218990546e-05
2.414151140328613e-06
5.165470611245837e-06
8.035782229853794e-06
1.0588417353574187e-05
3.811160240729805e-06
5.3644848776457366e-06
3.7659706322301645e-06
7.960221410030499e-06
5.189266630623024e-06
3.5276530070404988e-06
4.028053808724508e-06
6.308787760644918e-06
8.478687959723175e-06
9.48156048252713e-06
3.046974597964436e-06
