0.0017402510857209563
0.0003998718166258186
0.0009782796259969473
0.0008858350338414311
0.0006901423330418766
0.0008297277381643653
0.0005828752764500678
0.0006958271842449903
0.0009216413600370288
0.0006125306244939566
0.0006911542150191963
0.00040840794099494815
0.0006031414959579706
0.00010067396215163171
0.0011469598393887281
0.0015198684995993972
0.0005974338855594397
0.000679824675898999
0.00016631318430881947
0.0002547229523770511
0.0027488889172673225
0.004612637683749199
0.0012678090715780854
0.001378476619720459
0.002078090328723192
0.0015055573312565684
0.0007573384209536016
0.00334022450260818
0.001685885712504387
0.002230982296168804
0.0008589712670072913
0.0006064896006137133
0.000621638901066035
0.0013989441795274615
0.0009604801307432353
0.0007281919242814183
0.0008783073863014579
0.0013401759788393974
0.0008292675483971834
0.0009069583611562848
0.006572463549673557
0.005268588662147522
0.0059729404747486115
0.006884745322167873
0.005697743967175484
0.008473679423332214
0.0047738803550601006
0.004483756609261036
0.0078079793602228165
0.0055596185848116875
3.778561491474264e-11
3.731367298476229e-11
0.0007286930922418833
3.7018648563202916e-11
0.0031106299720704556
3.701490502994176e-11
3.772292894721474e-11
0.0006400360725820065
0.0016493642469868064
0.000694050919264555
0.00016303040320053697
0.0005784835666418076
0.00019914048607461154
0.000529542681761086
0.0003126684750895947
0.0016295037930831313
0.00020251900423318148
0.00025666775763966143
0.00017282208136748523
0.0001561563549330458
0.0002951488713733852
0.0006303818663582206
0.0003677573404274881
0.0010466952808201313
0.0003042878524865955
0.0008656817371957004
0.0004285936593078077
0.0014760795747861266
0.00043631374137476087
0.0006086737266741693
0.0013490550918504596
0.00040037938742898405
0.0018925955519080162
0.000722670229151845
0.0009090830571949482
0.001389127573929727
0.0002019538078457117
0.0006337390514090657
0.001471791765652597
0.0003845617175102234
3.782978097444101e-11
0.00021534475672524422
0.0002172222302760929
0.0016809229273349047
0.002201634459197521
0.00033638006425462663
0.0004454764712136239
0.0021428815089166164
0.000840403139591217
0.0003028734354302287
0.0003876565024256706
0.00012297478679101914
0.00038597796810790896
0.00018500990699976683
0.00046452865353785455
0.001355259446427226
0.001450481591746211
0.004672849550843239
0.001488245790824294
0.0007012297282926738
0.0004595801583491266
0.0005250473041087389
0.0012526578502729535
0.0005859006196260452
0.0006429572822526097
0.00048564968165010214
0.00047183671267703176
0.000309112889226526
0.0005463112029246986
0.0006981055485084653
0.0006324484711512923
0.0003233843599446118
0.000531580823007971
0.0005527234170585871
3.768279785432149e-11
0.0013879205798730254
0.00041668652556836605
0.0007028070976957679
0.0005724354414269328
0.0018698847852647305
0.003557815682142973
0.00347368186339736
0.004889138974249363
0.0023786481469869614
0.006559364497661591
0.0024886736646294594
0.0030916323885321617
0.002953689079731703
0.0044435011222958565
0.0035226945765316486
0.0007793714758008718
0.00021823977294843644
0.0007987781427800655
0.0008069869945757091
0.0008754013106226921
0.00043746523442678154
0.0009379828698001802
0.000472195097245276
0.001116778701543808
0.0012760375393554568
0.0002983782906085253
0.00048191583482548594
0.000253884878475219
0.0005708734970539808
0.0003618211194407195
0.000473527645226568
0.0004115332558285445
0.00042206209036521614
0.00031856977147981524
0.0003120342444162816
0.0007722113514319062
0.0017653098329901695
0.001111566904000938
0.0008070886833593249
0.0011729419929906726
0.0010061694774776697
